Jm = 0.2;
Ra = 0.3;
La = 0.001;
Bm = 4;
r = 0.1;
Kt = 1.5;
Ke = 1.2;
Kp = 10; %105
Kd = 0; %0.7
KI = 1.5;  %3.85
TL = 0.8;