% Speed Controller

Km = 0.55;
Kb = 0.55;
J = 0.054;
B = 0.04;
Ra = 0.2;
La = 0.0001;
TL =1.5;
Va = 10;
Kp = 100;
Kd = 0.5;