Jm = 0.2;
Ra = 0.3;
La = 0.001;
Bm = 4;
r = 0.1;
Kt = 1.5;
Ke = 1.2;
Kp = 105;
Kd = 1.5;
KI = 10;